32 -0.005543575156 -0.01665676199 0.008738513105
33 -0.006241073832 -0.02182738855 0.008483348414
34 -0.00619634334 -0.02219447307 0.009428880177
35 -0.004796233028 -0.02626032196 0.01005427819
36 -0.005852976348 -0.02956261113 0.01136156823
37 -0.005523445085 -0.03194727004 0.01144698262
38 -0.005346687511 -0.03664507717 0.01262713037
39 -0.004345639143 -0.0375071615 0.01383504737
40 -0.005004635081 -0.04172995687 0.01459823549
41 -0.005192432087 -0.04455092922 0.01538590807
42 -0.005038141273 -0.04981635511 0.01671456732
43 -0.004306606483 -0.05493848026 0.01852810197
44 -0.004684687126 -0.05730569363 0.01947350614
45 -0.005957676098 -0.06024075672 0.02038758621
46 -0.005307171494 -0.06582017988 0.021575002
47 -0.005329416599 -0.07521526515 0.02325680479
48 -0.004862467758 -0.08012542129 0.0245531965
49 -0.002211765386 -0.08554701507 0.02573679388
50 -0.001094418811 -0.08677903563 0.026871562
51 -0.002765173558 -0.09444244206 0.02810662054
52 -0.002943392377 -0.1016496494 0.02903478779
53 -0.00410747109 -0.1054014117 0.03038118593
54 -0.005805902649 -0.1081369072 0.03155073151
55 -0.00424182741 -0.1144366488 0.03298217431
56 -0.00262785214 -0.1168798953 0.03433216363
57 -0.002636410762 -0.126258567 0.03635838255
58 -0.003864410566 -0.1287823021 0.03785260394
59 -0.001657798188 -0.1341968626 0.03887784481
60 -0.004491939675 -0.1392029673 0.03997872397
61 -0.001811182941 -0.1481231153 0.04166378453
62 -0.003058345523 -0.1535381675 0.04337543994
63 -0.003121662419 -0.1549682617 0.04412711784
64 -0.002275957726 -0.1617896259 0.04597662017
65 0.0001242759899 -0.1672844738 0.04774956405
66 -0.0003631551808 -0.174711138 0.04923434928
67 -0.003983749077 -0.1740576923 0.0502486527
68 -0.001906305552 -0.1822549254 0.05155608803
69 -0.0007099555223 -0.1882909983 0.05311220884
70 0.0003410359204 -0.1963856965 0.05497559905
71 0.0004438764008 -0.2017879188 0.0568202287
72 0.0002240866015 -0.2059541941 0.05864059553
73 0.0002682993945 -0.2097083032 0.0594351925
74 -0.0008523961878 -0.2158962935 0.06055109948
75 0.0002525500604 -0.2217643708 0.06177067012
76 0.00389197981 -0.2269659787 0.06401001662
77 0.002913191216 -0.234401539 0.06506355107
78 0.003266585758 -0.2401373237 0.06656903028
79 0.002688565524 -0.2442504615 0.06795474142
80 0.005137492903 -0.2508092523 0.07007367909
81 0.002699793084 -0.2524883449 0.07117465883
82 0.003442091867 -0.2586868405 0.0722822696
83 0.001783068758 -0.2638824582 0.07366199046
84 0.002490343293 -0.269726634 0.07487291843
85 0.001996995881 -0.2761399746 0.07674826682
86 0.003237803699 -0.2810991704 0.07813869417
87 0.004928392824 -0.2855490148 0.07952438295
88 0.003861551173 -0.2914974391 0.08055528998
89 0.003144890303 -0.2961834669 0.08203233778
90 0.002200874733 -0.3000860214 0.08339315653
91 0.004354000557 -0.3071705103 0.08496659994
92 0.007384466473 -0.3113160431 0.08660099655
93 0.005369593855 -0.316108197 0.08720929176
94 0.007454098202 -0.3225530386 0.08932702243
95 0.008230820298 -0.328035146 0.091005072
96 0.007473958191 -0.3318929374 0.09147889912
97 0.006181599572 -0.3362764716 0.0927625373
98 0.00674051512 -0.3413753808 0.09400352836
99 0.006748406217 -0.3470801413 0.09539081901
100 0.008604255505 -0.3530420661 0.0970242843
101 0.008514548652 -0.3595234752 0.09856589139
102 0.008719274774 -0.365201503 0.09967064857
103 0.008050382137 -0.3703253567 0.1006620452
104 0.008782652207 -0.3744105399 0.1021407545
105 0.008865923621 -0.3814935088 0.1029653549
106 0.01089932397 -0.3875804543 0.1049165279
107 0.0115514975 -0.3919960856 0.1062064543
108 0.01455306727 -0.3953643739 0.1094273776
109 0.01256564725 -0.4015444815 0.1097109988
110 0.01142961532 -0.409565866 0.1108027175
111 0.01202423126 -0.416095525 0.1122305021
112 0.01250329055 -0.4188825786 0.1140831709
113 0.01111356169 -0.4268079102 0.1152119339
114 0.01258527301 -0.4326496422 0.1172049269
115 0.01235513296 -0.4379257262 0.1177799851
116 0.01466629095 -0.4426190853 0.1204688475
117 0.01593366638 -0.4486332834 0.1219072863
118 0.015943354 -0.4543834925 0.1238955334
119 0.01856650785 -0.4629637003 0.1262990534
120 0.01411697734 -0.4695159793 0.1271862686
121 0.01548810676 -0.4773906469 0.1291958839
122 0.01642010361 -0.4820941389 0.1306276321
123 0.01494696736 -0.4903713763 0.1315657347
124 0.01576429792 -0.4964685738 0.1343145669
125 0.014614827 -0.5032118559 0.1350301802
126 0.01632642373 -0.5106661916 0.1375009418
127 0.01626772061 -0.5185802579 0.1388992071
128 0.01515798271 -0.525598228 0.1415235996
129 0.01995002106 -0.5309414864 0.1447356492
130 0.0189244356 -0.5415308475 0.1459139735
131 0.01922581904 -0.5497562885 0.1484271884
132 0.01775302738 -0.5575066805 0.1497085989
133 0.0189775303 -0.5659341216 0.1516205072
134 0.01977382787 -0.5739766359 0.153693378
135 0.01712127589 -0.5832115412 0.1551884562
136 0.01943713427 -0.5910052657 0.1578117758
137 0.02197148651 -0.5988633037 0.1601566225
138 0.01835314929 -0.609736681 0.1613829881
139 0.01736958511 -0.6170400381 0.1634957492
140 0.01538737677 -0.6275887489 0.1645277292
141 0.01938226447 -0.6356018186 0.1674891859
142 0.02022791654 -0.6417235136 0.1704896688
143 0.0190067105 -0.6519434452 0.1717586219
144 0.01904350147 -0.6598419547 0.1743265092
145 0.01899699494 -0.6690944433 0.1756131649
146 0.01995061338 -0.6798733473 0.1784452647
147 0.02278706245 -0.6891792417 0.1809808612
148 0.02309792489 -0.6980783939 0.1832705885
149 0.02335306071 -0.7039792538 0.184735775
150 0.02560683712 -0.7115854025 0.1875304878
151 0.02739188075 -0.7201778293 0.1901540309
152 0.02784753032 -0.727091372 0.1915921718
153 0.02622165717 -0.7349644899 0.1929558069
154 0.02834597789 -0.7446169257 0.1960926205
155 0.02840510197 -0.7538238764 0.1987542957
156 0.03083779663 -0.7589222193 0.2006432116
157 0.03173033148 -0.7692389488 0.2018148005
158 0.03116375208 -0.778696835 0.2043239027
159 0.03023051098 -0.7914156318 0.206537798
160 0.03021650761 -0.7984110713 0.2088017762
161 0.02799753845 -0.8093024492 0.2111164033
162 0.03307801858 -0.8155024052 0.2135276049
163 0.03304014355 -0.823802352 0.2159151435
164 0.03526197374 -0.8308757544 0.2180629969
165 0.03460159898 -0.8396555781 0.2193948179
166 0.03451835737 -0.8500967622 0.2209165841
167 0.03432958946 -0.8567408919 0.2226010114
168 0.03729366139 -0.865978539 0.2251499742
169 0.04062633216 -0.8762795329 0.2273868024
170 0.04099987447 -0.8808631897 0.2299500555
171 0.0400672406 -0.8862543702 0.2314291298
172 0.04247743264 -0.8959624767 0.2331590801
173 0.03897493705 -0.9059121013 0.2348198146
